290 465
0 41
0 58
1 82
1 86
1 249
1 254
2 219
2 270
3 102
3 154
3 257
3 265
4 93
4 228
5 256
5 279
6 115
6 132
6 183
6 196
7 13
7 85
7 201
7 223
8 106
8 140
9 28
9 107
9 223
9 245
10 184
10 194
10 205
10 215
10 260
10 279
11 244
11 247
11 257
12 136
12 149
12 226
12 261
13 17
13 51
14 103
14 131
14 179
14 264
14 273
15 235
15 264
16 20
16 168
16 273
18 99
18 110
18 206
19 70
19 145
19 258
20 109
20 222
20 279
20 281
21 37
21 62
21 240
22 52
22 104
22 210
23 186
23 224
24 75
24 184
24 275
24 276
25 49
25 137
25 239
26 65
26 105
27 93
27 123
27 153
27 163
27 170
27 191
27 229
27 234
29 192
29 243
29 275
30 89
30 155
30 188
30 271
31 189
31 259
32 144
32 263
33 45
34 210
34 287
35 192
35 219
36 253
36 263
37 144
37 213
37 223
37 229
38 114
38 159
38 188
39 203
39 237
40 89
40 166
41 47
41 153
42 74
42 129
42 139
42 197
43 197
43 286
44 50
44 93
44 166
45 89
45 185
45 188
45 220
45 241
46 91
47 131
47 285
48 59
48 104
48 128
48 218
49 71
49 272
50 53
50 55
50 64
50 114
50 183
50 201
50 228
51 74
51 158
51 284
52 75
52 76
52 117
52 129
53 68
53 216
54 91
54 175
55 63
55 83
55 179
55 258
55 276
56 272
57 154
57 249
58 114
58 149
58 191
59 175
59 209
60 173
60 223
61 163
62 118
62 284
63 77
63 280
64 130
64 166
64 234
64 247
65 197
65 222
65 232
65 277
66 81
67 72
67 89
67 217
67 264
68 148
68 230
68 231
68 241
69 208
70 187
71 109
71 199
71 244
71 260
71 282
72 94
72 110
72 221
73 133
73 152
73 217
74 124
74 130
75 157
76 116
76 243
77 175
77 289
78 111
78 219
79 221
80 88
80 103
80 220
81 133
81 138
81 248
82 147
82 166
83 103
83 118
83 146
83 209
83 216
84 151
84 152
84 202
85 114
86 140
86 263
87 128
87 140
87 177
87 202
88 120
88 197
88 247
89 120
89 172
90 142
90 144
90 204
90 210
91 135
91 137
91 255
91 259
91 280
92 132
92 144
94 231
94 280
95 174
96 252
96 261
97 192
97 202
97 226
97 263
98 147
98 212
99 167
99 237
99 274
100 145
100 210
101 112
101 122
101 185
101 238
105 256
106 139
106 154
106 249
106 283
107 123
107 241
108 202
108 268
109 122
109 135
109 228
109 246
109 265
109 269
110 204
110 212
111 184
111 186
111 193
111 276
112 152
113 143
113 217
113 222
114 198
116 118
116 278
116 280
117 160
117 167
117 254
119 219
121 228
121 232
121 263
122 126
122 183
123 224
124 202
124 254
124 269
125 193
126 149
126 150
126 288
127 135
127 231
128 262
129 148
130 212
131 159
131 215
132 144
132 257
134 178
134 203
134 283
136 183
137 140
138 143
139 188
140 167
141 152
141 165
141 175
141 182
141 224
142 178
142 252
142 253
142 259
143 171
143 272
144 200
144 201
144 223
144 280
145 177
145 208
145 212
147 266
149 162
149 227
151 153
153 160
153 237
153 260
153 287
154 200
154 208
155 218
156 211
156 236
156 250
157 169
157 227
158 207
159 267
160 243
161 225
161 232
162 238
163 170
163 185
164 174
165 181
165 238
166 229
166 276
167 250
169 250
170 182
170 207
173 177
173 178
173 222
173 242
175 183
176 188
176 214
176 220
178 231
180 280
182 241
183 283
185 269
185 274
186 228
187 221
189 236
189 256
189 277
190 218
190 248
195 206
195 280
195 284
196 267
197 234
199 206
200 234
200 263
200 279
203 249
208 247
208 254
208 270
209 270
210 216
210 271
212 225
214 223
215 230
215 241
215 288
216 278
217 258
218 224
224 235
224 245
232 265
233 267
237 245
241 247
241 270
243 246
243 249
243 287
244 283
245 282
247 282
249 256
250 255
251 258
251 282
253 284
259 277
260 264
260 287
261 280
266 270
273 289
286 287
