97 200
0 19
0 37
1 11
1 63
1 83
1 85
2 4
3 8
3 32
3 62
4 64
5 3
5 81
6 29
7 61
7 83
8 3
8 80
9 1
9 10
9 91
12 23
13 64
13 70
15 50
15 63
15 64
16 56
17 16
18 39
18 70
19 22
19 46
19 89
19 91
20 76
21 43
21 57
21 91
22 76
23 69
24 71
26 31
26 39
26 61
26 75
27 6
27 16
28 2
28 6
28 73
29 20
29 53
29 76
31 7
31 23
31 33
31 42
32 75
33 44
33 85
34 13
34 23
34 41
34 50
35 26
35 67
36 59
36 74
37 6
38 35
38 69
39 31
39 94
40 8
40 25
40 36
40 68
41 66
41 71
41 85
42 25
42 33
43 21
43 31
43 73
45 39
46 20
47 31
47 67
48 19
48 22
48 67
48 83
51 71
51 87
51 90
51 95
52 12
52 67
52 80
53 30
53 56
54 34
54 41
54 66
55 9
56 13
56 69
57 4
57 52
57 59
59 9
59 78
59 89
60 12
60 55
60 67
60 88
61 17
61 66
61 72
61 77
61 89
62 17
62 55
62 65
63 10
63 58
63 85
64 6
64 11
64 60
64 76
65 24
65 51
65 52
65 92
66 70
67 4
67 28
67 30
67 78
68 49
69 7
69 53
70 16
70 61
72 55
72 68
73 11
73 14
73 48
73 71
73 81
74 0
74 80
75 33
75 50
75 55
75 64
76 19
76 35
76 73
76 88
77 0
77 14
77 54
78 47
79 19
79 37
81 10
81 13
81 48
81 80
82 15
82 86
83 14
84 30
84 74
85 23
85 24
85 35
86 52
86 71
86 82
87 86
88 84
88 87
89 6
89 11
89 76
90 50
90 53
91 19
92 36
93 35
93 78
96 38
96 61
