80.872
31.015
-78.632
60.358
-44.924
63.255
-32.019
2.489
77.605
91.538
11.636
86.718
77.105
10.155
50.585
87.512
20.011
-60.608
95.820
-92.219
39.131
-34.045
85.477
-38.218
-37.518
-49.892
63.476
-96.583
-3.763
9.775
-63.274
99.125
-7.438
-59.533
-50.163
94.406
56.989
-96.638
-7.755
77.567
-34.721
-19.245
0.033
33.813
7.534
87.520
-68.060
64.271
44.878
-34.859
-26.773
-17.589
34.264
0.282
-36.033
28.244
-17.734
0.062
23.656
-27.020
93.788
-67.009
87.929
60.044
-75.248
-50.141
3.663
25.626
21.844
93.146
-68.735
-90.980
48.163
-31.471
47.924
-46.760
-57.276
97.162
-63.566
-27.219
72.926
-25.310
-89.604
7.878
58.869
39.172
55.496
86.574
67.094
38.972
23.222
-88.653
-81.366
-59.056
-8.788
-63.298
68.233
-16.336
-1.611
43.466
3.508
80.565
-64.455
31.164
-12.184
-27.543
-0.643
48.018
-28.697
0.754
82.953
-91.644
-95.626
35.082
10.683
34.388
77.656
2.595
-34.080
-54.359
-9.941
-54.778
-29.012
-44.664
84.324
99.104
-41.665
97.823
-2.957
91.004
45.404
62.775
80.545
49.117
-88.840
-6.443
-99.157
-21.891
67.409
85.705
33.347
22.116
96.289
-97.238
13.257
70.441
-87.339
76.141
-95.652
44.989
41.815
94.440
7.493
72.218
13.060
-98.812
87.471
-69.030
33.181
-49.301
93.230
6.930
-19.089
-46.123
-50.382
-3.298
12.396
90.629
9.955
28.560
-84.868
-79.419
-19.595
34.453
18.585
71.484
-14.837
-75.852
89.938
-14.476
-21.492
-66.138
-20.312
-85.287
-50.618
-20.699
-39.255
-36.993
77.015
-6.689
-50.550
-58.111
-64.664
77.853
-72.590
-71.685
53.025
29.988
2.600
-36.729
51.163
6.756
9.633
-72.020
35.489
29.484
64.342
-76.580
-34.250
-21.720
-46.061
-92.367
-67.595
24.691
-99.357
61.992
18.363
8.366
5.138
-20.938
25.232
-11.187
30.709
-58.834
52.384
84.714
-46.769
-52.260
-46.418
58.833
-74.469
-38.058
2.315
70.160
57.154
34.887
88.126
35.882
61.547
91.754
22.733
-36.882
17.488
95.102
88.299
94.742
69.424
-99.515
-69.968
87.390
11.957
6.019
35.371
36.239
-94.022
-8.388
-39.349
29.797
97.023
87.676
77.345
45.405
-41.926
77.626
28.469
-82.686
5.206
-0.325
-68.031
63.772
69.380
91.916
48.810
-28.794
38.087
-24.228
-12.230
-67.314
-19.765
78.478
93.281
-43.065
89.847
40.580
-64.791
-28.921
7.104
-78.070
48.437
64.903
