4.089
-3.258
-2.321
-0.382
8.743
-5.828
-8.621
-7.149
3.876
-7.229
7.776
4.740
-1.084
8.827
-0.234
-0.199
6.133
5.425
4.807
-6.522
9.250
-4.104
8.317
2.505
6.246
-4.916
2.708
6.461
1.781
-2.182
-4.269
6.169
1.870
0.263
-7.798
3.054
-7.529
-6.022
-9.559
-4.183
-4.583
5.242
-1.918
-2.659
1.136
7.283
2.994
-1.737
-0.331
-0.383
1.664
1.615
-3.357
0.357
-8.916
-8.398
6.348
-2.852
4.933
-4.664
9.329
-8.566
-9.538
5.475
4.878
-4.446
9.068
3.652
-1.453
-2.861
8.403
-0.659
-0.692
9.019
-5.491
2.350
-3.540
-6.351
7.405
3.688
-9.875
3.705
0.832
-3.684
4.011
-7.018
2.486
-7.173
1.210
-3.921
2.659
9.910
-5.420
-6.742
-6.216
-1.640
-2.916
3.934
-7.497
-0.884
2.964
9.288
7.368
-7.842
8.355
0.029
6.820
-9.914
5.797
9.360
-1.754
6.626
8.256
-3.209
9.556
-3.989
-0.093
-5.395
-3.764
-6.516
-6.785
-4.600
-6.686
2.065
8.860
-6.110
4.981
-3.372
2.514
2.353
-9.716
-1.319
-2.189
-8.400
-8.210
-1.012
9.866
-4.352
-6.007
-0.566
-5.035
-5.362
-4.444
4.265
9.617
-4.733
-2.499
-4.987
-1.399
-3.876
8.965
7.707
-7.203
-9.197
9.755
-2.976
2.565
2.519
-1.519
-1.061
-9.869
5.110
6.241
9.893
-8.879
9.359
2.987
-9.856
-6.684
0.815
-3.266
-2.310
-7.067
3.995
-5.409
-2.715
-3.613
9.140
-8.263
-3.248
9.879
-7.316
6.716
4.200
9.433
-1.058
-2.188
4.114
-6.716
-8.184
-6.724
-1.885
8.225
1.652
6.823
3.314
-8.869
5.690
3.724
1.874
2.276
3.692
6.676
-1.270
-0.788
-6.876
-0.757
-9.918
6.718
-9.857
-4.822
-1.070
4.737
2.120
-4.576
2.308
-0.925
-5.608
-0.040
-6.578
-8.769
-7.851
5.041
-1.482
-1.167
0.343
7.198
4.862
-0.735
7.194
-0.609
-2.775
-3.207
0.293
-7.245
6.004
-5.276
-0.519
4.128
1.911
-6.945
-1.450
-8.399
-7.964
-8.879
0.821
3.488
1.423
5.755
-9.317
6.288
6.732
-3.203
-5.185
-5.740
-3.049
0.931
-5.540
2.619
3.286
4.027
-5.753
-1.084
-7.332
-3.688
5.693
3.457
2.713
-4.323
9.347
-9.764
-3.942
3.110
8.936
9.394
1.906
-2.361
-8.896
-4.370
3.945
-0.308
1.395
-7.935
7.119
-2.671
7.006
-5.098
-6.938
-2.142
7.195
-1.220
4.191
3.821
-7.992
8.259
8.859
-9.689
0.912
5.798
-3.243
-4.691
5.347
4.499
-0.846
-8.641
-8.665
8.638
-0.478
-9.092
-3.536
-1.101
6.855
9.223
2.453
-0.233
-5.826
3.031
-5.987
-8.972
9.962
6.675
5.541
7.716
6.912
-3.596
3.056
-0.639
5.023
-1.899
-8.685
-4.455
4.288
7.009
-3.584
3.230
6.085
-4.060
-8.408
9.405
4.721
5.212
0.747
6.709
2.465
-8.562
-9.450
-5.220
-0.806
-0.235
-9.016
-4.128
-2.444
3.594
3.386
8.694
1.556
-0.328
7.036
3.893
7.387
-1.216
-7.516
2.167
-3.281
6.912
0.096
-2.100
2.377
-0.997
-6.246
4.020
-7.331
-6.487
1.513
7.385
0.310
7.363
-2.272
8.903
5.305
-5.474
-0.786
8.361
9.421
-8.677
-8.091
-0.729
1.497
9.482
-8.237
-9.782
-4.568
-1.305
4.165
-3.877
-2.419
-2.040
-6.818
8.000
2.758
-5.338
-4.423
-8.554
3.230
-1.219
-8.313
-3.246
-0.241
4.127
2.847
6.260
6.493
9.701
-8.544
-3.413
-3.065
3.536
9.245
5.566
9.122
-1.839
-8.812
3.732
-3.343
3.222
5.418
1.503
8.162
-7.325
-0.457
1.280
-6.165
-8.690
9.056
-3.079
6.531
0.014
-3.817
-8.706
-9.760
4.737
9.816
5.166
-9.592
1.627
-1.095
-7.739
8.826
-1.003
6.552
1.472
7.467
-3.373
6.428
-1.665
1.664
-7.971
-1.514
-0.594
8.369
-8.502
7.824
0.612
2.429
-2.004
-6.814
0.740
-6.769
-3.202
8.031
8.069
-2.332
7.612
-7.175
3.461
-3.733
6.206
0.997
-3.283
-2.136
-2.648
-1.972
3.856
-0.804
9.498
-6.266
-6.057
0.464
-0.348
-2.811
-8.075
0.795
5.136
-4.556
2.751
0.406
-4.791
4.014
-2.790
-3.352
8.308
-1.207
8.568
0.071
8.126
-1.569
-7.203
1.437
-6.961
-0.950
-1.109
-0.188
3.890
-4.399
-1.860
-6.026
7.763
1.541
8.038
-5.385
3.830
-0.850
-0.660
9.289
-0.636
-0.657
2.802
-9.349
8.654
0.372
3.970
2.695
3.607
2.547
-4.829
-9.324
3.825
4.369
-7.708
2.929
-8.167
4.469
7.855
-1.133
7.669
-8.716
9.514
-5.706
2.722
-1.189
2.572
-6.370
-8.898
1.421
-1.423
-9.075
0.720
-5.241
6.608
9.235
7.034
-9.830
6.451
-2.830
8.307
-4.703
-8.729
-3.423
-8.296
6.943
-7.815
1.295
-2.369
-4.689
9.640
3.989
7.869
-0.159
3.849
-1.519
-8.014
-9.918
-4.862
-4.311
7.517
-4.276
6.339
2.576
-1.763
-9.694
0.748
0.354
-9.284
-9.074
7.297
8.659
-4.097
-3.243
4.749
0.253
-9.199
6.600
1.845
8.470
3.910
7.732
1.324
-7.839
2.988
-3.720
-7.701
-0.845
2.894
-0.019
1.273
-8.523
-0.033
0.208
-6.977
-4.951
6.808
-0.743
-7.070
-8.350
-5.473
-1.764
-7.788
-5.062
7.063
-3.087
0.388
-7.385
1.457
1.272
-1.524
-6.830
4.559
-0.279
-5.462
-2.287
-6.719
9.710
-2.648
0.499
0.884
2.418
0.094
-4.340
-1.730
3.309
5.436
1.547
9.170
7.859
-2.490
-7.120
2.475
-0.080
2.983
-6.350
9.130
-2.410
-1.531
-3.252
8.422
9.605
6.481
7.977
-5.744
4.879
3.918
-7.058
5.826
5.444
8.023
5.596
-0.783
-6.135
-6.249
9.982
-2.457
-2.715
3.719
-4.079
9.588
3.057
8.388
8.574
-2.950
9.152
-5.614
6.489
-9.217
-3.066
-3.034
0.459
-7.827
-0.921
8.320
-9.902
6.845
-4.533
-7.215
-5.466
-0.089
9.688
2.980
-8.577
1.629
3.014
-9.761
2.951
4.874
7.173
9.866
0.122
2.961
1.330
1.771
-8.185
-1.561
0.229
-7.449
-7.702
-7.165
-1.727
8.408
5.969
7.369
1.611
2.226
-9.877
0.701
2.377
-1.932
3.399
2.034
2.916
8.447
-2.267
-0.285
-9.903
4.722
0.139
-3.924
-9.397
-8.592
3.676
-6.419
0.638
-5.373
-9.531
7.407
4.523
4.079
0.040
9.508
6.629
-0.402
-7.813
-6.394
5.636
8.394
-8.454
7.149
9.232
5.908
-3.688
-4.085
0.282
1.256
0.114
-1.075
2.467
-8.030
7.097
6.280
-9.011
-6.300
3.216
-4.241
1.732
-2.151
0.550
-0.595
5.892
-6.950
-6.049
7.937
0.119
-4.681
-3.577
0.278
-1.900
3.188
1.391
-0.600
-2.452
-7.509
-7.617
-1.300
-0.095
-1.671
8.463
2.217
-6.430
-0.826
7.105
2.642
2.110
4.532
0.040
9.101
-5.486
-9.957
-3.071
-6.283
8.473
9.945
1.009
-7.884
-0.042
0.071
-4.925
-3.154
-8.341
-4.556
-6.853
9.298
9.096
2.623
-5.790
8.223
0.212
6.730
0.920
-9.182
-3.501
-6.792
-9.718
4.027
3.992
7.633
8.524
3.736
-8.702
0.780
-4.245
8.363
-5.798
-5.767
2.188
5.068
6.515
-8.881
8.787
-0.591
1.546
-3.312
-7.119
-1.983
-0.428
-9.241
3.776
1.869
8.259
1.056
9.171
2.595
9.399
8.070
-9.089
-8.950
0.704
-2.390
-9.106
-6.212
3.671
6.210
1.710
7.944
-9.826
5.197
-0.316
-1.852
-1.058
-0.200
-6.679
3.918
-5.385
-8.779
2.665
9.117
8.943
3.847
-2.272
-4.856
5.537
2.979
-6.608
0.799
-1.976
-6.774
-9.528
-3.311
2.039
5.035
-8.551
0.945
-8.082
-5.090
2.481
-0.220
8.294
-8.150
-4.322
-5.402
1.082
-2.535
-0.970
7.003
-9.912
0.310
-5.330
4.121
-9.526
9.009
-9.178
9.679
1.501
-1.576
-5.112
1.234
8.420
-4.208
0.934
-9.769
-9.854
-3.283
-8.939
2.257
-9.031
-0.669
-0.878
-9.212
6.523
8.904
7.325
6.078
-0.166
6.118
7.555
-5.329
4.515
4.586
-6.273
-1.050
-6.327
2.201
-1.252
7.597
-4.312
-4.155
0.037
-5.941
2.129
-6.243
9.655
6.659
4.751
1.976
-0.849
5.999
6.644
-8.279
8.101
6.281
8.208
-7.401
-8.087
-9.052
-6.900
6.460
6.413
1.008
0.353
-6.555
6.065
8.575
-0.793
-8.140
2.639
3.529
0.658
-4.816
0.822
1.108
-3.167
-4.914
-1.686
-8.507
-3.507
-8.279
0.075
-5.442
-7.062
9.726
0.894
-8.736
-4.181
-5.711
7.378
6.618
0.335
-0.181
-7.282
3.215
1.716
6.021
-6.658
-0.204
-2.911
7.744
6.279
-4.354
8.558
6.354
8.413
-8.757
0.120
6.512
3.839
9.621
-1.770
9.301
8.248
-9.236
-9.100
1.293
1.791
-0.196
9.241
1.620
5.844
-0.617
-1.555
-1.774
-5.407
-1.051
-0.052
9.403
2.237
-2.467
-6.004
6.910
-1.362
6.316
-3.413
-8.328
7.515
-8.875
-0.518
9.807
-4.485
-4.812
2.277
5.083
-9.909
4.321
-3.285
-6.676
3.654
1.030
9.843
5.495
-9.445
-3.318
-3.905
-1.610
-2.434
-8.882
-9.593
1.300
4.781
2.754
-3.448
1.966
1.419
4.638
-2.383
-9.775
-1.931
-7.800
-4.075
-6.097
4.005
8.688
-4.701
6.813
-1.151
-4.484
2.430
0.831
-5.455
7.435
4.663
8.853
6.316
-1.460
2.798
0.480
-9.443
8.195
-2.354
-7.249
6.684
-6.351
7.911
4.062
-3.794
4.318
-6.636
0.375
4.461
0.295
0.124
-1.078
-4.945
-9.957
1.012
3.211
-0.022
-0.214
7.030
-4.893
-9.001
-4.227
7.491
-4.478
-4.327
-1.162
-1.734
-1.150
8.604
6.874
7.339
5.402
-9.015
8.171
-5.139
8.768
8.009
4.565
6.743
-9.027
7.590
2.805
-4.202
-8.652
9.113
-4.242
-5.420
-2.558
-5.283
3.690
-8.801
5.764
9.046
-2.614
6.180
-1.792
2.691
-7.855
-6.751
-7.049
5.736
8.743
4.063
-5.782
6.396
-6.631
0.362
-0.338
-2.393
5.507
-4.486
0.710
9.871
6.085
5.747
8.816
-8.537
3.316
-8.892
7.930
1.574
0.224
4.259
-1.065
9.733
-2.375
6.520
-5.576
-6.867
6.618
5.305
0.568
-0.313
4.772
9.112
0.276
1.789
-2.524
-6.829
-2.900
-5.175
1.056
-9.282
7.645
2.605
4.305
-8.424
6.019
3.216
-9.307
6.403
7.261
-8.347
-9.367
4.123
5.290
-3.245
-9.741
4.628
-2.219
2.220
-5.958
-7.125
9.625
5.206
0.859
6.949
9.928
9.275
-3.413
-0.687
-5.153
-0.239
-2.995
3.105
-2.253
8.943
8.034
9.681
5.700
-4.004
-4.753
4.348
-3.501
-7.038
3.857
7.703
-2.230
-4.016
-0.791
-6.229
0.561
-2.223
-5.362
-6.659
8.042
-7.209
3.471
7.413
1.696
5.115
-2.336
4.623
-5.023
7.970
-4.371
-2.182
-7.691
-7.520
4.558
9.622
5.860
8.541
6.610
-2.858
4.725
-2.111
-3.019
0.632
7.868
7.923
-6.234
-0.403
0.117
0.226
-8.535
8.011
-7.018
-1.502
-5.552
8.485
3.113
8.525
-6.534
-7.189
1.640
3.313
-9.252
-9.958
-5.293
-5.797
-8.287
-7.628
8.041
-3.156
8.964
-8.320
0.022
-6.041
-9.235
1.291
-3.644
5.401
9.146
-8.335
1.481
-5.952
-9.715
-8.072
1.130
7.279
-2.926
8.656
-2.134
-1.093
-5.057
8.628
7.470
-6.337
-7.049
9.422
2.908
1.686
7.982
5.495
3.049
9.890
-8.428
-7.545
9.355
-3.838
5.807
8.768
5.744
3.013
0.137
4.999
-6.807
1.391
2.645
-9.565
6.072
-4.629
-3.113
4.576
-7.521
2.373
4.540
8.419
-3.081
-2.067
8.865
2.479
0.879
-4.258
-9.412
-4.826
-2.647
-7.734
-6.729
-5.458
9.161
1.455
5.541
6.235
-2.587
-3.290
5.413
-0.666
0.730
8.760
-0.641
7.575
-5.716
-1.799
-8.212
2.866
4.026
-3.429
2.894
7.648
-5.087
-4.789
-3.358
-3.730
-8.589
-9.860
-9.372
-4.569
3.699
4.808
9.721
-7.010
-5.776
9.226
-8.068
-8.375
-5.925
1.113
1.078
-7.234
-8.105
-4.737
6.642
-0.694
-5.768
-5.034
1.014
-1.943
6.187
-8.838
6.965
0.616
1.109
-5.938
-7.091
9.617
9.254
9.767
-7.143
7.948
-0.416
9.148
-7.806
-8.085
9.450
4.142
1.303
-6.413
-9.137
4.149
-1.292
1.724
9.372
8.122
9.085
-5.286
1.937
-5.857
4.524
-0.019
4.052
0.802
-7.447
0.808
0.436
2.684
0.644
-5.384
-9.367
-9.622
5.087
4.801
8.485
-6.830
-1.841
-8.700
-1.478
4.544
-6.570
-2.546
-3.391
8.138
3.727
-8.302
6.984
-8.449
5.654
9.397
-0.933
4.092
-2.578
8.444
7.537
6.292
-9.802
5.409
-7.414
-3.169
1.766
4.999
4.639
6.251
3.579
-5.130
-0.756
-4.612
1.613
8.033
-4.446
-9.813
-3.106
-0.513
-8.096
-4.569
8.377
6.081
8.046
-7.799
-1.833
7.322
-3.218
5.113
1.035
-5.433
7.635
6.196
4.823
-2.921
-8.957
-7.140
-5.454
-8.036
7.152
4.992
3.668
2.283
-8.935
4.412
-7.737
-0.777
1.742
-7.747
-2.275
4.273
1.303
3.968
9.683
-2.717
-6.048
-4.474
0.436
-7.495
6.067
4.243
-8.350
-4.822
6.832
6.097
-8.758
-5.259
8.216
-4.376
2.032
7.120
-2.015
2.028
-3.431
3.924
1.273
-0.773
2.099
-4.376
6.085
-1.062
0.237
2.356
-0.714
-6.157
7.289
-1.285
7.130
9.686
-6.857
-4.235
9.399
-4.955
2.324
-9.317
-1.448
5.396
9.677
-1.390
-1.794
-9.666
5.513
7.182
-4.889
-0.506
-7.202
-2.027
-7.098
2.706
-3.047
3.618
-0.901
-4.788
8.860
-1.988
4.503
7.483
-8.430
8.014
3.660
6.140
0.991
6.410
-3.074
9.047
5.095
7.102
6.596
-5.486
-7.038
5.055
-9.533
-1.828
1.302
7.020
-0.426
8.153
-4.094
3.168
-2.655
4.715
6.797
-8.219
-6.972
9.007
1.661
8.774
-1.997
6.255
-5.782
-8.790
-3.557
-6.845
-6.021
-8.777
0.925
5.427
-7.388
-4.945
4.455
2.127
3.605
-5.559
8.391
-0.344
-6.765
-5.150
2.112
4.449
-7.465
0.205
-2.589
-3.433
1.899
8.948
8.847
4.955
-6.478
-8.850
-5.263
0.952
7.036
9.216
2.450
-6.426
-2.495
4.449
6.166
0.414
6.447
7.996
7.370
7.234
7.661
3.958
-8.242
6.002
-0.687
0.667
2.110
-5.493
-7.137
-2.003
4.143
-7.258
-5.788
1.837
-8.408
7.620
-5.461
-1.230
0.821
-1.348
-8.928
1.382
-5.976
-2.349
-1.232
3.780
9.490
-6.216
0.136
-2.960
3.276
-2.507
4.016
3.194
-9.522
-8.407
3.485
-0.366
1.331
-0.459
9.186
2.822
5.807
2.064
1.416
0.255
9.247
5.124
5.643
-7.532
7.095
2.415
7.973
8.097
4.895
8.898
5.422
-2.891
-0.331
0.726
-1.567
4.030
3.602
3.854
-2.650
1.987
-7.829
-1.449
-5.973
0.091
-0.882
9.195
0.000
1.919
-7.252
-8.560
6.497
-0.220
-5.102
7.337
3.302
3.282
8.635
2.695
7.656
-9.106
2.672
1.734
-2.400
2.505
-0.856
4.068
-2.088
3.252
5.350
1.684
-5.381
4.621
7.920
-4.088
6.864
2.941
4.869
7.967
-7.786
9.451
-5.167
-9.337
-8.630
-2.433
0.017
-3.796
7.545
-3.319
-8.922
1.672
-0.066
-1.841
7.826
6.958
9.961
-3.697
6.333
2.633
-2.615
2.430
-5.584
-9.383
3.695
-2.032
-6.360
1.202
9.744
-0.789
-8.470
-5.346
-9.166
-7.657
3.525
8.395
-7.837
8.594
-3.417
-9.896
7.766
0.425
0.771
-2.639
-3.002
7.331
6.083
0.294
-6.453
-8.975
1.964
3.854
-8.040
-8.006
7.285
-7.558
6.380
5.580
-4.343
1.497
-2.358
-4.764
7.147
0.038
-1.580
7.805
8.938
9.949
-5.656
1.341
4.630
9.143
-5.734
-9.453
-0.097
-2.342
7.909
5.187
4.100
7.708
6.364
1.356
4.981
-3.670
-4.171
-5.011
2.650
-9.826
-6.002
0.108
8.930
-3.191
4.777
7.465
-5.464
0.003
8.263
5.609
1.767
-1.979
-7.362
-9.028
-0.786
-4.178
0.175
-1.093
1.869
-1.418
-4.805
1.908
7.921
4.229
-6.410
3.010
1.503
-8.425
1.789
-6.968
-6.529
-9.694
-3.275
-0.707
4.436
-9.706
-2.937
-2.351
6.191
4.415
-5.305
2.571
5.714
-4.990
3.098
-9.225
-6.940
-1.579
-5.940
3.122
-4.020
-4.105
9.775
-3.339
6.298
6.361
-6.105
3.017
-9.930
9.121
5.587
3.476
0.892
-4.404
2.951
-5.997
5.544
-8.450
5.409
-3.637
-5.176
6.005
5.323
-0.278
-4.726
2.753
-2.342
-6.957
-1.090
-4.180
3.931
5.516
0.760
2.712
-0.076
-0.283
-7.655
0.920
-9.173
5.401
-7.172
-9.420
6.595
6.253
0.342
-6.460
-0.356
-3.619
-4.063
3.427
4.596
6.771
1.836
-8.370
4.133
6.994
-6.395
-7.245
4.864
-5.887
-9.931
0.369
3.949
6.914
4.843
-9.181
9.935
-3.923
9.416
-8.074
-8.134
-7.358
-5.066
-8.432
-9.145
6.776
-1.561
4.131
2.114
1.462
-5.188
-8.707
-8.446
0.610
7.468
-3.250
8.892
6.163
-8.858
4.063
-3.684
-2.054
1.389
0.447
-5.160
8.697
-3.486
1.162
7.562
1.395
4.764
-0.142
-6.889
-2.742
-8.320
1.141
8.194
-1.787
8.642
5.310
1.390
2.695
2.667
7.568
-1.254
4.550
7.171
-1.959
5.164
3.900
-3.363
-2.093
1.416
6.981
9.986
0.386
7.333
2.680
0.393
9.604
-7.489
1.086
3.786
7.750
-0.525
3.673
-2.276
7.219
9.024
9.239
6.622
-1.011
-2.078
-6.671
4.541
-4.386
-2.498
-9.103
1.887
-6.373
0.775
1.398
-5.238
1.458
8.664
-9.099
2.765
1.972
9.232
-8.922
5.872
-3.633
-4.223
-3.934
5.264
-3.056
-2.956
7.163
-7.617
-0.908
4.740
6.673
-2.013
9.620
-9.734
5.561
-5.874
6.746
-5.738
-8.783
0.581
-9.649
8.144
9.440
-1.355
-6.879
-1.066
2.408
2.552
3.639
-9.229
2.509
1.776
5.697
7.454
9.649
9.726
4.510
-2.901
-4.632
1.332
8.485
3.253
-3.994
-8.985
2.048
4.050
-9.779
8.820
7.833
-9.554
-3.940
8.397
-4.242
4.782
9.045
-7.828
-7.901
-2.877
4.811
-8.786
1.009
3.971
-3.364
1.670
-5.402
-6.016
2.936
8.045
0.585
-6.911
9.953
3.635
-4.149
-7.883
6.505
-1.142
3.903
0.495
1.176
1.759
1.058
-5.417
3.697
4.551
2.993
-6.219
4.091
6.948
-9.249
-7.126
-0.022
-2.201
4.066
8.325
-8.645
-2.504
-2.023
6.552
5.006
-9.416
3.014
-8.848
-4.817
-2.252
-9.901
-9.949
1.461
-7.248
4.811
8.031
3.781
5.591
-9.469
-9.563
9.537
-6.877
0.331
8.417
-3.362
-4.341
6.514
2.258
6.818
-4.618
7.393
-7.879
-0.951
-1.127
1.022
-8.086
7.832
8.701
-4.998
1.320
3.687
4.384
-2.282
2.822
-3.762
-7.297
-8.410
-0.956
-9.608
-0.130
9.614
-4.657
-1.354
-2.164
-3.386
-2.774
-4.556
7.605
9.253
1.434
9.764
-3.955
3.986
-9.847
-8.661
0.956
-4.165
-9.517
7.982
-5.479
1.778
0.797
-5.953
0.434
0.910
1.364
-5.706
-7.584
9.600
3.889
9.407
-3.965
-4.825
-5.442
-5.740
3.639
-9.313
2.855
5.919
7.901
6.742
4.726
-1.951
-8.637
-9.155
-4.012
-9.718
-4.103
-5.439
-1.284
-3.890
-5.550
-7.887
-4.682
-1.706
-6.852
5.310
-0.461
-4.411
5.848
-6.855
-4.930
5.113
2.901
5.166
5.298
-2.137
-3.697
0.656
-1.806
-4.709
0.811
0.368
-4.020
7.862
4.878
9.122
-7.601
5.082
-4.824
7.031
2.801
7.664
-1.517
3.836
-7.865
-7.927
1.526
-1.901
-9.311
-9.080
5.007
2.069
-7.267
-9.534
5.208
-7.488
-1.339
-7.957
-7.893
3.517
-9.984
-7.220
5.177
7.853
-6.933
9.492
-6.558
3.395
-8.086
0.512
3.899
-4.361
-4.635
8.284
-3.436
-2.629
2.649
9.987
-1.270
1.042
-1.946
0.526
0.599
-4.602
9.011
3.668
0.196
-3.107
4.043
-4.228
-1.647
2.730
4.458
7.072
3.762
3.149
-5.243
-1.003
9.524
-9.140
7.079
4.129
3.736
-6.152
9.695
-5.648
7.955
-3.645
8.256
7.581
-6.824
-1.112
-0.199
-9.224
0.341
4.876
-1.077
1.473
-8.242
6.612
6.172
7.742
-4.642
-4.922
-3.903
1.594
9.579
-2.261
-3.661
-4.740
-6.582
-7.622
-4.494
0.306
-1.857
2.266
-8.977
-5.621
5.866
2.867
-6.759
-9.319
-0.045
7.835
4.102
-4.707
-2.157
-1.582
1.815
-2.616
-4.656
-9.534
7.276
-2.029
2.115
4.421
-1.534
-2.327
-2.402
-6.557
-0.958
4.694
9.804
0.923
8.432
0.978
0.731
9.220
0.858
-7.817
-2.149
5.531
-4.674
0.923
-0.822
-6.178
5.476
6.247
-0.023
7.741
-0.954
8.174
-3.361
0.758
1.847
-4.301
4.828
-0.338
-6.234
-2.500
-5.843
7.234
-9.500
-6.571
1.075
2.877
2.382
0.478
0.579
8.310
1.758
7.953
3.317
-4.913
-4.098
0.981
4.915
-1.763
1.923
0.312
2.845
-0.806
4.525
7.136
0.620
-7.285
-8.808
2.805
6.272
-1.762
-2.583
1.144
-1.490
-1.567
0.606
3.694
-9.199
-3.149
4.674
3.288
-8.309
-1.528
1.824
-7.387
-7.258
2.815
-8.317
7.489
7.118
-5.973
6.676
-8.622
-2.424
9.636
-8.005
-6.631
2.216
-1.092
7.133
-5.272
-1.905
-8.851
-9.739
-3.079
2.623
-1.376
-5.512
-8.474
-5.624
-3.886
3.224
-8.538
-4.243
2.010
-6.864
-1.469
-4.707
2.942
-5.609
8.621
-8.490
1.008
8.588
-6.267
-5.154
-8.091
-3.701
4.266
-4.568
-3.783
6.288
8.994
-2.579
7.964
4.280
6.022
-1.641
1.402
1.968
4.240
-2.399
5.880
-8.990
-0.773
4.174
5.406
6.140
-7.614
-7.246
1.671
-9.171
-6.932
-9.294
-1.650
6.355
4.556
-7.873
1.700
-2.518
0.151
7.845
8.533
7.812
9.598
7.698
-2.754
9.719
2.468
-0.555
4.898
6.529
-4.843
-8.061
-0.598
2.165
6.872
-8.318
-2.318
4.512
6.586
-7.154
-2.162
5.407
-4.704
4.141
-8.231
-0.586
2.394
3.492
-2.946
9.518
4.635
5.655
8.658
-2.830
-0.505
-3.820
-6.363
-1.837
3.790
3.728
-6.324
0.479
2.908
-0.108
-2.372
-9.031
-6.326
0.513
8.814
7.460
-5.119
0.364
-0.842
7.857
-2.901
-4.869
5.569
-4.167
4.417
2.601
8.146
-1.056
0.010
6.306
1.867
-9.834
-5.204
9.694
-4.527
5.140
2.129
-5.767
-6.040
-7.709
-1.010
8.729
9.295
3.598
5.466
-9.639
6.950
0.207
-0.816
1.748
-3.737
7.972
-1.474
-2.307
6.779
8.862
1.369
-1.890
6.973
-9.663
3.809
9.337
-7.703
-9.148
-0.317
0.871
-8.972
-6.513
5.024
-3.921
-5.569
8.218
-7.938
5.864
2.211
3.141
-7.983
9.925
-1.756
7.684
-9.794
-7.643
-4.979
-7.363
-9.332
9.276
-4.330
3.674
3.199
0.223
-3.401
-1.926
7.146
9.628
7.848
9.223
6.197
4.424
-7.811
8.688
2.283
-9.157
-9.196
6.579
-3.802
-4.306
9.687
1.984
3.252
-6.471
-9.893
1.409
3.299
-6.729
4.706
-0.372
-7.599
-0.205
1.793
7.736
5.388
4.146
1.157
9.042
-1.366
-3.427
-7.239
6.461
0.814
-2.228
3.856
3.817
5.154
-7.897
7.872
-8.977
1.843
1.146
-7.453
-7.264
-9.556
2.450
-0.329
-2.375
-8.252
0.632
-5.644
-5.629
-2.498
-4.824
-1.720
8.866
-9.770
-5.126
7.300
-8.352
-8.236
-2.523
9.583
-6.110
0.656
-2.630
-1.999
-6.862
-7.721
-4.455
2.399
-1.467
-2.683
-8.405
7.983
2.127
-1.721
-5.283
-1.062
-1.197
-3.139
2.353
-3.872
3.957
-4.090
-4.248
4.138
0.675
-1.556
3.211
8.521
-9.477
-3.620
-2.168
3.634
7.932
0.671
-9.264
4.396
-0.915
8.382
-3.357
3.262
-2.972
5.413
-7.309
-8.009
2.654
-5.780
-3.047
-9.908
-9.181
-6.414
-2.998
9.223
-8.170
5.206
-5.049
-1.826
5.934
5.879
-2.075
-0.116
-0.315
-6.037
1.076
0.520
-8.360
7.088
-0.652
9.818
5.730
-1.927
0.375
8.075
-5.199
5.494
-9.043
5.507
1.786
3.207
1.863
-4.228
-7.852
1.162
1.384
-2.942
-5.779
8.845
-5.927
-4.003
2.444
6.338
6.665
-6.620
-2.576
3.858
5.156
-5.391
8.243
-9.155
-4.969
-0.951
-6.161
-6.939
-1.828
-8.309
9.883
-2.271
4.184
6.787
-5.333
-5.662
9.956
-4.705
0.982
-7.755
-3.945
3.656
1.635
9.390
5.356
-2.151
-4.038
0.381
0.051
7.738
-4.182
-7.037
6.187
-7.990
-0.313
3.814
-6.233
-7.849
2.642
-2.688
9.341
-8.552
0.415
-8.501
-5.784
-0.614
5.095
2.002
-1.878
3.482
4.486
1.026
1.725
-1.005
-5.570
-5.805
0.335
8.230
1.992
4.468
1.445
-6.223
3.171
-2.384
-3.627
-1.583
-6.561
-0.563
-4.851
-8.087
8.087
4.836
-1.992
1.921
-8.153
4.895
9.659
1.682
-2.056
-9.767
-5.269
-7.408
5.224
-4.905
4.743
-0.550
-8.853
9.501
4.984
6.530
9.717
-6.981
2.079
8.530
-0.987
8.611
5.891
8.568
5.838
-8.937
8.743
1.919
-1.800
2.787
3.836
-5.031
1.600
-1.522
0.374
9.942
-6.758
8.156
9.295
-8.784
-9.881
8.953
-3.601
-1.160
-3.213
-5.162
4.466
1.083
-4.855
6.314
-9.204
8.027
-4.448
8.571
-4.649
-2.815
5.610
2.674
3.586
6.656
2.215
-3.644
-2.494
8.862
6.113
6.492
-5.735
6.648
-6.985
-6.090
-9.824
-4.683
7.190
8.206
5.520
-6.969
4.573
-7.740
2.853
6.190
-5.603
-9.854
-3.121
-8.247
8.154
-7.182
-6.387
7.525
-5.737
2.013
-9.317
3.353
3.640
0.460
-9.901
9.585
7.374
2.712
3.750
7.941
-5.326
-6.755
9.694
5.320
0.377
-4.580
4.845
-6.954
9.420
-9.656
-1.997
-3.489
-7.712
1.360
-6.068
6.957
5.069
5.503
2.649
-0.895
-4.175
-3.752
-7.031
6.432
7.622
4.975
6.459
-1.485
-4.216
3.970
-7.253
0.851
-0.809
6.396
7.909
6.532
-4.828
-9.842
4.077
-7.987
-7.273
9.330
7.079
0.790
4.635
-6.178
4.784
-6.473
6.933
-7.424
8.540
-5.572
1.383
4.947
3.904
-3.585
-7.863
6.637
0.577
7.843
-5.550
-7.987
-7.734
1.358
-0.205
-6.071
-5.865
5.581
-2.013
-7.013
7.762
5.287
-4.586
-0.280
5.551
-9.666
-6.695
4.839
-2.652
9.680
-9.813
-4.762
2.198
-8.611
-3.721
-1.792
-1.983
-4.114
-1.669
-8.382
5.219
6.182
4.358
-7.314
2.596
-7.292
4.392
7.006
9.318
-2.149
-5.289
1.469
-8.170
5.498
3.894
0.904
5.989
1.018
-5.478
-0.585
-1.933
9.581
-7.816
5.517
6.206
-4.118
0.284
8.853
-4.946
-6.351
-6.251
6.349
5.914
9.678
4.519
-5.573
5.541
5.768
8.076
2.432
0.128
-1.750
5.918
-2.112
1.242
5.218
-4.924
0.464
-1.226
2.139
-1.965
7.844
-6.724
-3.896
9.554
8.944
0.002
-6.403
7.106
4.568
0.912
-1.830
2.151
1.656
-9.932
2.581
-9.477
-6.277
-1.730
-8.322
-8.034
-4.954
-2.570
-1.433
8.405
-8.650
-5.987
-0.960
-5.645
-7.974
-9.395
-7.103
1.815
-0.733
-8.520
-2.202
2.888
0.102
-2.659
-3.432
4.839
1.867
-3.795
-3.542
6.965
-0.216
-4.563
6.106
4.427
4.165
9.292
-9.529
2.419
-8.412
-8.494
-9.991
5.195
-3.640
-8.510
-3.877
0.731
-7.995
-5.754
0.910
-7.580
-1.480
-7.083
-7.634
-1.459
-9.108
9.853
-0.450
8.038
-6.779
-9.318
-8.348
-0.113
-6.857
6.315
-3.213
-1.203
-4.729
0.304
-6.181
3.547
-5.499
2.689
7.709
-6.694
7.100
4.897
-9.916
6.859
-6.457
-8.060
5.509
-8.723
5.607
2.727
-2.728
-4.308
-8.135
1.826
0.137
-4.150
-6.168
-2.688
-3.349
-7.876
-3.902
-4.198
2.305
-5.077
-3.843
2.783
1.794
-5.635
5.095
-2.575
-2.668
-6.449
8.796
2.545
-4.459
-9.743
-6.168
2.776
1.976
-4.339
7.369
-7.952
-0.717
-2.816
-7.703
-5.633
-1.864
6.657
0.454
-2.651
4.308
-9.675
-0.836
4.375
2.280
-2.263
3.678
-5.326
-0.348
-7.945
2.304
0.629
2.965
8.019
-8.013
-2.285
0.393
8.618
2.975
-8.319
5.178
-5.448
-2.244
-6.936
1.078
-4.935
5.332
3.451
3.532
2.617
-1.408
9.864
1.753
2.494
9.143
6.351
-4.600
9.342
4.698
7.665
4.692
4.707
0.045
9.730
-4.356
3.788
8.655
-2.871
6.959
2.612
8.852
7.223
-6.242
2.197
-0.658
5.217
-8.819
-5.282
9.360
4.566
0.488
9.954
-1.954
-6.740
-8.508
-8.938
9.798
-3.123
1.107
1.340
6.353
-7.015
-6.704
7.926
2.203
9.051
5.613
-9.033
-5.787
1.376
4.955
-9.828
8.528
1.210
2.324
7.041
0.846
7.670
4.544
5.958
-4.878
4.546
-0.887
-4.857
4.863
-7.527
-5.997
8.050
6.185
-9.343
7.473
-7.706
5.200
-9.138
-6.679
-7.228
5.281
-8.560
-8.032
8.766
3.210
6.110
-5.757
7.653
8.479
-4.232
-6.434
-1.206
1.021
-6.747
5.781
-3.701
1.314
1.873
-7.684
-4.643
0.644
3.398
2.126
-8.823
-5.781
0.288
4.436
0.032
4.742
-3.396
-9.499
-7.694
4.980
1.752
-6.671
-2.906
-1.463
-4.980
4.428
4.484
1.403
6.008
0.351
1.976
-0.340
-6.357
-2.304
3.690
-3.006
9.751
8.996
4.709
6.380
-9.668
7.491
4.244
7.535
-2.371
4.040
-6.919
9.205
-0.046
-6.521
-3.976
-6.400
0.980
6.246
7.669
6.970
2.144
-9.797
-4.939
6.310
-5.301
5.834
3.006
4.751
2.569
7.137
-3.362
-1.166
3.570
-4.007
-8.382
3.962
-2.374
-3.742
2.435
9.646
-6.039
4.186
-8.665
5.843
8.443
9.659
9.104
-4.988
0.901
3.004
7.461
-8.000
3.150
-2.685
9.336
3.583
8.501
-8.727
6.468
8.608
-2.726
-3.108
0.238
5.535
2.727
-8.442
-9.335
1.961
3.211
-6.172
-9.848
9.631
-2.397
4.873
8.352
0.009
4.804
1.434
0.192
-0.709
5.199
7.010
-6.107
-8.379
0.978
6.937
8.433
2.604
-7.173
7.023
0.896
8.419
-8.190
0.993
3.437
-3.060
5.275
4.121
7.203
-6.218
7.606
-5.250
-3.714
3.995
9.892
-5.701
-6.877
-6.044
7.759
-8.161
-4.422
-4.060
0.471
5.112
-5.045
3.610
5.549
7.805
-4.163
-9.935
-3.488
1.810
-8.836
3.209
-7.794
-7.986
4.580
5.328
-0.385
-6.587
-6.816
1.732
-6.025
-2.407
-1.962
-1.216
-6.431
-9.898
-3.527
-4.680
-4.190
7.990
8.670
0.968
4.370
5.775
-1.215
-5.170
-5.459
-8.390
-8.671
0.102
2.274
3.188
0.872
8.344
8.760
0.459
-1.993
-6.506
0.573
9.913
-6.245
7.165
-3.558
-9.520
-2.670
5.501
0.445
2.578
9.090
-6.826
-4.689
-9.955
0.823
-4.064
6.064
-3.368
7.358
2.612
-5.377
-1.962
2.079
9.113
0.838
5.745
-1.329
5.645
6.341
-3.877
8.138
0.879
6.882
-2.794
6.754
4.530
7.382
-4.018
-4.044
7.210
0.130
-5.039
2.420
3.164
0.952
9.645
-6.237
-5.136
-8.638
0.386
-7.621
8.477
-5.530
6.819
-8.751
-3.888
1.811
4.592
7.164
3.100
1.976
0.539
-0.038
7.786
-6.457
5.905
7.454
-4.356
5.434
-9.928
-6.873
3.040
-6.886
3.446
-3.931
-0.638
6.534
5.421
-0.679
8.009
7.903
1.170
3.526
-7.059
-4.125
-8.638
-5.197
-4.352
-6.367
-9.651
-0.511
-5.639
3.272
-7.895
-7.969
-0.292
0.855
4.726
-4.883
9.915
5.732
-0.163
-2.561
4.702
-0.379
3.670
-1.796
2.809
5.631
-5.989
-5.775
-1.101
-6.678
5.293
-6.000
1.821
6.533
-8.177
7.391
-0.444
7.876
5.169
6.481
2.485
1.326
6.193
-6.775
9.195
-5.948
5.912
3.419
-9.103
0.546
6.782
3.747
-8.851
2.225
-0.757
2.500
-5.499
0.899
-3.360
7.368
-5.719
-5.949
4.613
3.701
2.046
4.127
5.868
-4.002
0.134
-2.020
-7.877
4.830
3.280
1.764
-4.136
0.881
5.661
6.443
-1.894
-5.747
1.662
1.967
-3.969
5.779
8.317
2.684
-4.882
-6.501
-5.048
1.063
-2.502
9.004
8.686
-4.273
1.723
-1.446
5.933
-9.648
-7.703
7.099
0.728
-1.464
6.081
7.520
-1.694
7.972
-6.164
-7.511
-8.098
-8.907
-9.857
-5.388
7.643
-1.372
2.320
7.293
3.552
7.430
-1.459
-9.036
-9.777
-4.629
6.655
9.228
2.511
-7.126
0.526
7.809
0.855
-9.917
-1.620
5.714
-5.595
-2.860
8.409
8.440
0.420
8.684
-6.481
3.062
3.107
-5.690
-4.178
1.429
4.865
1.243
4.955
-8.593
-4.113
0.294
6.990
-3.227
-0.277
-8.664
2.510
0.195
-1.237
9.213
5.781
6.747
1.272
-6.671
-0.239
7.578
-4.052
4.892
8.741
7.609
-8.716
-1.456
-8.925
-2.126
3.322
-7.666
4.694
-1.113
9.324
0.423
7.405
-2.526
-9.093
3.580
-8.249
-6.444
-1.145
2.659
-8.801
-8.308
-7.634
-1.190
2.359
4.162
3.499
-5.864
-3.709
-1.424
-6.332
-4.308
-6.870
-2.441
-2.100
-5.693
-5.931
-4.410
-7.685
-7.523
-4.782
-6.334
-7.800
-6.092
5.360
2.218
-0.331
-0.442
-6.215
7.588
3.692
-0.736
-3.327
9.543
-5.152
3.608
-2.720
-0.020
9.279
7.792
-9.874
1.386
-7.180
9.288
5.349
-5.996
0.045
0.692
-3.764
-9.137
-0.175
-9.886
7.490
8.663
-1.154
-2.581
8.035
8.965
9.546
-3.921
-1.317
-7.825
2.312
-5.142
-8.410
-2.994
-9.020
-1.524
1.536
-2.269
1.904
-8.018
-7.354
-5.921
0.419
-6.402
2.860
-5.428
-4.559
-9.000
8.160
0.582
5.826
3.236
-0.345
-0.816
1.308
7.974
-1.004
-7.508
-3.470
6.815
-1.858
-3.124
-1.690
8.281
-0.016
-8.798
8.002
-3.441
-6.030
8.883
1.228
-5.782
4.352
-0.007
5.981
3.599
-1.641
6.812
6.363
-3.660
0.221
-2.776
5.600
2.870
2.123
-0.145
-9.238
7.325
9.984
-4.375
-3.382
-2.076
9.164
-3.494
2.224
-2.732
-6.519
-6.784
-6.489
-8.175
-4.137
0.464
0.133
8.970
9.373
3.879
9.912
6.906
-8.910
-1.594
-6.337
3.146
-4.649
9.015
-2.294
-5.862
5.825
-0.717
-3.939
-3.060
9.605
-6.005
-7.108
4.247
9.565
-2.487
3.403
5.778
4.521
5.475
3.759
6.031
5.485
0.412
-5.496
-3.692
9.825
-9.719
2.509
5.459
-8.063
8.880
-4.021
1.126
-6.038
-6.033
1.245
4.537
-3.214
-8.370
4.658
6.583
6.724
9.011
7.576
3.332
-8.571
-4.650
8.123
-2.734
-2.066
-6.655
2.610
-6.918
4.309
3.394
-8.241
6.012
6.572
8.905
9.633
-6.009
-5.923
5.151
9.155
8.086
-5.160
-5.998
2.370
-9.463
5.628
-8.166
0.948
2.077
-8.779
1.256
-0.054
-8.903
-6.197
-0.575
-4.573
-8.887
-5.249
-1.674
2.828
-9.960
-8.740
9.182
-1.914
-3.317
6.429
-6.457
0.570
-3.217
-1.607
-6.142
9.386
4.055
8.062
6.738
9.466
-0.384
-2.114
-9.049
-7.793
-6.282
-4.421
2.304
3.103
-6.084
0.017
0.070
-3.336
0.851
-3.658
-2.831
5.529
-2.932
7.425
3.855
7.612
1.367
4.412
-3.481
9.125
-8.669
-9.931
7.065
2.684
1.424
-8.335
7.079
0.894
9.300
2.853
5.563
8.744
9.013
6.083
-5.711
-0.676
-4.740
2.155
-7.702
5.055
-4.000
6.803
-0.896
-2.402
-7.560
-3.092
8.287
8.093
-5.477
2.683
-0.106
6.522
3.262
6.246
0.819
7.667
-1.153
-5.176
-6.100
8.961
-7.699
-4.677
8.363
4.505
-0.350
-2.244
7.473
-9.379
6.534
-4.829
-7.183
6.842
-4.675
7.590
3.270
-0.134
9.716
-8.423
4.348
-3.107
-1.814
2.813
-5.786
1.034
-2.791
-3.343
-7.867
-2.359
-8.486
8.504
0.850
7.994
-8.646
9.525
-8.115
-9.173
4.961
-0.186
-4.535
-3.480
5.150
2.712
-4.350
8.846
-8.368
6.010
6.814
0.735
-0.246
-2.144
5.036
-7.492
-1.519
4.242
7.958
3.981
-8.494
-9.185
-6.046
-1.895
-0.839
7.570
-6.035
-4.100
-1.396
-2.275
-0.913
-5.649
-2.940
-2.860
2.568
1.381
9.675
-1.066
-6.691
-9.146
-9.610
-5.371
-1.017
-3.966
-6.272
-2.792
-5.401
1.913
5.096
-9.094
3.759
9.160
-7.934
4.445
-4.453
4.402
-8.191
-2.694
3.745
-5.464
5.494
-4.409
-0.631
3.973
-7.567
9.189
0.722
8.495
3.087
-6.266
8.329
9.864
-8.397
2.176
-6.253
4.644
-1.683
-1.971
-9.832
9.942
8.241
1.434
-9.581
1.954
5.181
-9.107
-5.394
-8.884
-1.645
-2.170
3.621
-2.063
-1.330
1.051
6.314
-4.731
5.871
5.807
3.037
7.741
2.079
-8.740
1.401
-2.390
-6.178
6.137
9.412
-3.042
7.876
8.669
-9.016
-7.304
7.130
-3.573
-3.258
5.939
7.199
3.597
2.528
9.399
5.896
4.254
-2.922
1.234
-6.215
1.943
9.361
-9.959
9.413
2.604
-3.437
-6.206
3.802
1.750
-3.775
5.959
0.240
-9.838
1.745
-7.060
4.538
-8.745
2.381
4.280
1.967
4.423
0.916
0.009
-7.526
-5.829
-8.046
3.763
-2.205
4.963
-6.014
4.892
7.996
-3.566
-2.657
1.384
4.775
-0.263
-8.033
-8.424
7.381
-2.180
4.073
4.887
7.174
5.202
-4.516
0.747
-1.177
-6.175
4.320
-8.289
9.363
3.784
0.441
-6.440
-6.133
7.021
-9.459
-7.059
9.182
8.102
3.759
4.416
4.532
-4.721
1.745
0.450
-6.253
-6.655
-9.641
5.229
4.755
0.141
-0.295
-1.550
8.793
9.861
8.047
3.878
3.803
9.739
-4.666
8.370
-4.850
0.758
1.164
-9.138
-2.445
-0.922
-4.930
5.387
8.126
-5.195
8.256
-6.075
2.085
-1.859
-5.734
-0.241
-0.069
6.147
5.920
3.157
-4.956
7.007
0.438
-2.770
0.691
5.165
-3.832
6.877
8.982
-1.610
6.358
-1.625
-7.221
-9.484
2.102
9.276
-0.859
5.396
-1.507
-0.742
-8.118
-7.200
4.892
-5.717
4.743
-3.185
2.567
5.548
-8.360
-2.105
-0.529
-9.405
-3.201
-3.642
7.340
-5.018
4.926
5.704
0.278
4.984
-4.821
-7.312
-1.708
3.801
-7.003
3.346
5.110
-8.738
3.048
-4.723
9.251
2.052
-1.655
4.765
-6.818
-2.818
5.575
3.934
-9.311
8.378
9.907
4.504
7.284
-1.540
-3.524
-5.688
4.332
-0.602
6.370
0.790
0.390
5.442
4.687
1.462
8.907
-9.209
5.069
-3.404
-1.041
-9.974
1.132
1.198
-2.008
-6.759
-8.120
-9.835
-1.399
5.418
0.842
-4.483
4.452
5.573
8.408
1.075
8.728
-2.679
6.941
9.829
-8.615
9.161
0.996
-9.383
-7.493
5.063
-7.367
-6.679
-3.806
1.674
8.518
-1.442
-4.662
2.909
4.904
-1.001
6.835
-6.583
-0.312
9.117
-9.651
-6.108
7.032
-7.676
1.581
9.692
2.249
-9.589
8.986
-4.090
-3.998
7.773
-1.678
-5.355
9.591
9.235
-2.851
6.495
3.153
-2.341
4.413
-3.205
4.264
4.771
0.089
-1.862
2.357
3.888
2.252
9.548
0.036
-4.994
5.684
-3.231
-8.850
0.533
9.360
-4.686
-2.382
8.973
-4.389
5.252
-3.503
5.337
-2.157
2.447
6.522
0.898
2.935
-4.341
-8.499
3.697
5.191
-4.822
9.804
-8.173
5.965
-8.378
-1.222
-9.948
5.748
-6.057
-6.194
-0.017
-0.697
-9.646
-9.916
-3.913
3.037
-2.875
-2.263
-5.634
0.667
8.087
3.421
-2.881
-5.805
-6.288
-8.359
7.493
-3.010
-2.053
-0.121
-1.655
0.412
-5.846
-9.391
2.945
1.848
-6.046
0.572
-7.618
-9.203
8.724
7.380
-2.961
-4.219
8.135
6.430
6.579
-2.981
1.768
-0.201
5.625
-8.969
5.010
6.667
7.118
8.244
-1.982
-5.979
7.362
8.883
0.212
1.318
3.861
5.189
-8.421
8.758
0.786
2.100
-9.288
0.743
9.730
9.161
-6.291
-3.379
0.941
4.002
-3.155
-1.247
6.804
-4.602
8.772
-4.846
3.268
6.196
4.685
-0.638
8.133
-3.810
5.743
-0.833
8.158
-5.695
9.817
4.043
-1.263
-0.211
-8.889
0.993
-6.026
2.416
-7.547
2.158
-4.643
-4.420
-8.850
7.926
-1.744
-6.932
3.302
-6.722
-6.269
-0.157
-5.261
0.456
9.120
1.465
1.943
3.133
-6.688
1.350
-5.039
5.836
0.132
-2.677
-4.817
-4.571
-2.967
-7.930
6.156
2.413
7.349
-5.219
-3.458
7.183
-4.390
-1.736
9.832
-3.329
-2.611
3.729
5.386
6.841
-5.223
-6.643
-0.574
8.956
-2.882
7.814
6.699
-8.644
-2.963
0.457
-3.018
0.306
3.913
5.689
6.029
0.812
3.845
3.412
0.423
0.134
-5.391
3.323
-4.354
6.600
7.015
-0.426
-4.506
-2.920
7.872
5.327
5.436
-4.819
-7.514
-8.774
5.314
0.024
-0.099
9.992
9.774
-9.692
7.823
-4.712
-0.437
-9.114
-2.952
-1.318
0.476
0.009
-6.941
4.342
5.484
8.694
-6.313
3.825
-2.509
-2.379
-4.584
9.514
-2.406
-5.595
-9.418
-7.426
9.239
4.766
5.342
6.881
4.494
2.835
0.193
2.705
2.973
9.090
-6.503
-1.299
-8.505
-9.104
3.051
9.766
2.730
-3.787
-0.784
2.700
-4.712
-7.084
3.017
0.631
1.517
-0.582
-7.311
-0.605
-3.004
4.194
0.640
-3.450
-3.619
5.974
-3.684
7.355
8.651
6.261
3.404
-3.401
2.973
0.080
-3.299
-8.517
-8.152
-3.237
-2.157
1.611
8.854
7.550
1.215
7.060
4.527
3.141
-3.500
6.130
-5.990
-3.268
0.057
-5.161
2.593
5.880
-8.701
9.926
9.030
-7.599
-3.744
-1.482
2.177
-0.928
7.279
-6.402
0.281
4.919
-4.824
-0.922
-4.322
8.012
0.267
-3.568
-1.256
8.464
-4.220
9.999
0.163
-0.175
5.738
-6.272
-9.272
7.609
4.969
